/SAN/Ctyzzeri/all/results/rmd/sel/866_sort.rmd.bam /SAN/Ctyzzeri/all/results/rmd/sel/866_sort.rmd.bam -0.356453 -0.0777012 0.193436 0.0973832 0.784885 0.288481 -0.34747
/SAN/Ctyzzeri/all/results/rmd/sel/900_sort.rmd.bam /SAN/Ctyzzeri/all/results/rmd/sel/900_sort.rmd.bam -0.265758 -0.584113 -0.110596 0.127294 -0.135872 -0.599142 -0.426988
/SAN/Ctyzzeri/all/results/rmd/sel/942_sort.rmd.bam /SAN/Ctyzzeri/all/results/rmd/sel/942_sort.rmd.bam -0.0437647 0.332525 0.785452 -0.105923 -0.296856 -0.123471 -0.394954
/SAN/Ctyzzeri/all/results/rmd/sel/NZL_H_sort.rmd.bam /SAN/Ctyzzeri/all/results/rmd/sel/NZL_H_sort.rmd.bam 0.475267 -0.134701 -0.102788 -0.778174 0.211711 -0.0580949 -0.302755
/SAN/Ctyzzeri/all/results/rmd/sel/TYGZ1_sort.rmd.bam /SAN/Ctyzzeri/all/results/rmd/sel/TYGZ1_sort.rmd.bam -0.134142 0.687661 -0.531926 0.0548631 0.0153802 -0.19961 -0.427893
/SAN/Ctyzzeri/all/results/rmd/sel/UGA55_sort.rmd.bam /SAN/Ctyzzeri/all/results/rmd/sel/UGA55_sort.rmd.bam -0.349827 -0.191684 -0.197928 -0.215415 -0.478977 0.658265 -0.304249
/SAN/Ctyzzeri/all/results/rmd/sel/USA_P_sort.rmd.bam /SAN/Ctyzzeri/all/results/rmd/sel/USA_P_sort.rmd.bam 0.658898 -0.120155 -0.0270268 0.55509 -0.0537883 0.256965 -0.416697
