/SAN/Ctyzzeri/all/results/rmd/sel/866_sort.rmd.bam /SAN/Ctyzzeri/all/results/rmd/sel/866_sort.rmd.bam -0.217096 5.27356e-16 0.244974 -0.319951 -0.788675 0.211325 -0.351883
/SAN/Ctyzzeri/all/results/rmd/sel/900_sort.rmd.bam /SAN/Ctyzzeri/all/results/rmd/sel/900_sort.rmd.bam -0.217096 5.27356e-16 0.244974 -0.319951 0.211325 -0.788675 -0.351883
/SAN/Ctyzzeri/all/results/rmd/sel/942_sort.rmd.bam /SAN/Ctyzzeri/all/results/rmd/sel/942_sort.rmd.bam -0.217096 5.27356e-16 0.244974 -0.319951 0.57735 0.57735 -0.351883
/SAN/Ctyzzeri/all/results/rmd/sel/NZL_H_sort.rmd.bam /SAN/Ctyzzeri/all/results/rmd/sel/NZL_H_sort.rmd.bam 0.594997 -0.707107 -0.0558646 -0.0323346 0 0 -0.376579
/SAN/Ctyzzeri/all/results/rmd/sel/TYGZ1_sort.rmd.bam /SAN/Ctyzzeri/all/results/rmd/sel/TYGZ1_sort.rmd.bam -0.321609 3.05311e-16 -0.868165 -0.0323346 0 0 -0.376579
/SAN/Ctyzzeri/all/results/rmd/sel/UGA55_sort.rmd.bam /SAN/Ctyzzeri/all/results/rmd/sel/UGA55_sort.rmd.bam -0.217096 6.10623e-16 0.244974 0.830516 0 0 -0.450667
/SAN/Ctyzzeri/all/results/rmd/sel/USA_P_sort.rmd.bam /SAN/Ctyzzeri/all/results/rmd/sel/USA_P_sort.rmd.bam 0.594997 0.707107 -0.0558646 -0.0323346 0 0 -0.376579
