/SAN/Ctyzzeri/all/results/rmd/866_sort.rmd.bam /SAN/Ctyzzeri/all/results/rmd/866_sort.rmd.bam 0.119738 0.32766 -0.29795 -0.747184 0.0356987 -0.102579 0.0634247 0.0012576 -0.0128188 0.0041814 -0.00461852 0.0308002 0.0348643 -0.377855 -0.265105
/SAN/Ctyzzeri/all/results/rmd/900_sort.rmd.bam /SAN/Ctyzzeri/all/results/rmd/900_sort.rmd.bam 0.121751 0.659642 0.628124 0.223164 -0.0228156 0.0343256 -0.0565914 0.00574656 0.00259855 -0.00634217 0.00237387 -0.0145496 -0.0235144 -0.311144 -0.0560797
/SAN/Ctyzzeri/all/results/rmd/942_sort.rmd.bam /SAN/Ctyzzeri/all/results/rmd/942_sort.rmd.bam 0.197702 0.156575 -0.313488 0.320104 0.562371 -0.493094 0.210842 -0.0179972 -0.05877 -0.00511829 0.00361311 0.0285065 -0.0803556 -0.177704 0.298555
/SAN/Ctyzzeri/all/results/rmd/CHN_P_sort.rmd.bam /SAN/Ctyzzeri/all/results/rmd/CHN_P_sort.rmd.bam 0.233843 -0.236498 -0.0350101 0.128061 -0.040394 -0.165698 -0.557586 -0.610285 0.00623303 0.142304 0.0968783 -0.0463743 -0.0846598 -0.267658 -0.220659
/SAN/Ctyzzeri/all/results/rmd/COL_H_sort.rmd.bam /SAN/Ctyzzeri/all/results/rmd/COL_H_sort.rmd.bam -0.367052 -0.0624039 -0.0742415 0.128128 0.0337662 0.0566755 -0.0336857 -0.0141031 0.160439 0.112512 0.0139977 -0.0454111 0.784204 -0.404164 0.12158
/SAN/Ctyzzeri/all/results/rmd/CZE_P_sort.rmd.bam /SAN/Ctyzzeri/all/results/rmd/CZE_P_sort.rmd.bam 0.234514 -0.235108 -0.0382622 0.13297 0.0422408 -0.0347223 -0.363196 0.777117 0.0544149 0.0583665 0.0382046 -0.0450649 -0.0646757 -0.270455 -0.211148
/SAN/Ctyzzeri/all/results/rmd/FRA_P_sort.rmd.bam /SAN/Ctyzzeri/all/results/rmd/FRA_P_sort.rmd.bam 0.242377 -0.225852 0.0196108 0.166528 -0.0179627 0.282231 0.491715 -0.0604975 -0.516727 0.0215749 0.3543 0.0121763 0.086029 -0.241952 -0.278598
/SAN/Ctyzzeri/all/results/rmd/GBR2_H_sort.rmd.bam /SAN/Ctyzzeri/all/results/rmd/GBR2_H_sort.rmd.bam -0.338016 -0.02432 -0.0155701 0.0291778 0.0292924 0.108553 0.207842 0.00490158 0.238932 0.735668 0.0940277 -0.0065362 -0.425097 -0.200605 -0.00810458
/SAN/Ctyzzeri/all/results/rmd/GBR_H_sort.rmd.bam /SAN/Ctyzzeri/all/results/rmd/GBR_H_sort.rmd.bam -0.338187 -0.0557137 -0.0361449 0.0862912 -0.0321566 0.0283741 -0.106336 0.00237585 -0.273675 -0.17842 -0.280293 0.759104 -0.18302 -0.255177 -0.0217976
/SAN/Ctyzzeri/all/results/rmd/NZL_H_sort.rmd.bam /SAN/Ctyzzeri/all/results/rmd/NZL_H_sort.rmd.bam -0.336675 -0.024673 -0.0460115 0.0263214 0.0130036 0.0216149 0.00412718 -0.019106 0.300312 -0.557336 0.587019 -0.102695 -0.281882 -0.215872 0.0143944
/SAN/Ctyzzeri/all/results/rmd/TYGZ1_sort.rmd.bam /SAN/Ctyzzeri/all/results/rmd/TYGZ1_sort.rmd.bam 0.191345 0.150659 -0.339115 0.2058 -0.794637 -0.146561 0.120992 0.0394308 0.0468353 0.00764718 -0.00849149 -0.000836386 -0.0549247 -0.168638 0.283609
/SAN/Ctyzzeri/all/results/rmd/UGA55_sort.rmd.bam /SAN/Ctyzzeri/all/results/rmd/UGA55_sort.rmd.bam 0.200175 0.19458 -0.321619 0.0367326 0.201304 0.753178 -0.250356 -0.0523976 -0.0150144 -0.0187734 -0.0316718 -0.0292026 -0.0915884 -0.075252 0.357171
/SAN/Ctyzzeri/all/results/rmd/UGA_H_sort.rmd.bam /SAN/Ctyzzeri/all/results/rmd/UGA_H_sort.rmd.bam -0.337109 -0.0435285 -0.0409671 0.0377924 -0.0235713 -0.0152769 -0.0181062 -0.00578662 -0.396312 -0.156652 -0.442876 -0.635257 -0.212306 -0.231514 -0.0154948
/SAN/Ctyzzeri/all/results/rmd/USA2_P_sort.rmd.bam /SAN/Ctyzzeri/all/results/rmd/USA2_P_sort.rmd.bam 0.245089 -0.205808 0.0281084 0.123118 0.0493196 0.168527 0.356698 -0.121184 0.563977 -0.233183 -0.483898 0.0122266 -0.0540088 -0.193426 -0.248579
/SAN/Ctyzzeri/all/results/rmd/USA_P_sort.rmd.bam /SAN/Ctyzzeri/all/results/rmd/USA_P_sort.rmd.bam 0.190343 -0.397204 0.430411 -0.376748 -0.00665539 -0.0564042 0.0564674 -0.00324688 -0.0300153 -0.0120255 -0.00477449 0.0159407 -0.0706387 -0.291698 0.617238
