/SAN/Ctyzzeri/all/results/rmd/CHN_C_GU1_sort.rmd.bam /SAN/Ctyzzeri/all/results/rmd/CHN_C_GU1_sort.rmd.bam 0.221419 0.183778 -0.226723 0.0835299 0.00858814 0.241797 -0.109902 -0.179158 0.474755 0.227476 0.308593 -0.112639 0.118801 0.0490371 0.460884 0.328265 0.128113 -0.133961
/SAN/Ctyzzeri/all/results/rmd/CHN_C_GU2_sort.rmd.bam /SAN/Ctyzzeri/all/results/rmd/CHN_C_GU2_sort.rmd.bam 0.210992 0.184343 -0.214116 0.0360534 -0.0919908 -0.281294 -0.292682 -0.154086 -0.188092 0.173339 -0.0381099 -0.412801 0.222483 0.473281 -0.244442 -0.136081 -0.215882 -0.204232
/SAN/Ctyzzeri/all/results/rmd/CHN_C_GU3_sort.rmd.bam /SAN/Ctyzzeri/all/results/rmd/CHN_C_GU3_sort.rmd.bam 0.218703 0.184093 -0.195914 0.053926 -0.0478009 0.115323 -0.290449 -0.146303 0.195444 0.197526 -0.476559 0.385581 0.0150403 -0.421448 -0.153673 -0.216038 -0.180854 -0.147657
/SAN/Ctyzzeri/all/results/rmd/CHN_C_SH1_sort.rmd.bam /SAN/Ctyzzeri/all/results/rmd/CHN_C_SH1_sort.rmd.bam 0.144399 0.238616 -0.303806 0.106814 0.0926916 0.193073 0.637109 0.280518 -0.114693 0.0152322 0.186116 0.214588 0.267489 0.0618409 -0.101815 -0.135596 -0.239306 -0.180467
/SAN/Ctyzzeri/all/results/rmd/CHN_C_SH2_sort.rmd.bam /SAN/Ctyzzeri/all/results/rmd/CHN_C_SH2_sort.rmd.bam 0.194808 0.212448 -0.242226 0.0697894 0.0752976 -0.429589 -0.135189 0.235462 -0.235372 -0.109248 0.268961 0.0458975 -0.302093 -0.322042 -0.0251189 0.0567252 0.402635 -0.294483
/SAN/Ctyzzeri/all/results/rmd/CHN_M_GU_sort.rmd.bam /SAN/Ctyzzeri/all/results/rmd/CHN_M_GU_sort.rmd.bam -0.323601 0.195168 0.0845526 -0.0549594 0.133866 -0.216344 -0.0791673 0.4885 0.482549 0.367219 0.00293067 0.134553 -0.150808 0.288755 -0.121481 -0.164252 0.0578462 0.0193918
/SAN/Ctyzzeri/all/results/rmd/EUR_C_CZ_sort.rmd.bam /SAN/Ctyzzeri/all/results/rmd/EUR_C_CZ_sort.rmd.bam 0.202317 -0.0990881 0.461021 0.404963 0.00599494 -0.0273251 0.0335527 0.0378396 0.0343813 0.168194 0.0315175 0.12303 0.0190392 0.00931716 -0.411209 0.54787 -0.0875758 -0.215405
/SAN/Ctyzzeri/all/results/rmd/EUR_H_CZ_sort.rmd.bam /SAN/Ctyzzeri/all/results/rmd/EUR_H_CZ_sort.rmd.bam 0.191189 -0.0847935 0.475717 0.393336 0.02092 -0.0923951 0.0404178 -0.0104274 -0.00735431 0.120388 0.0975692 -0.0744931 0.11677 -0.0799593 0.358732 -0.595527 0.0695451 -0.163392
/SAN/Ctyzzeri/all/results/rmd/EUR_M_866_sort.rmd.bam /SAN/Ctyzzeri/all/results/rmd/EUR_M_866_sort.rmd.bam -0.3678 0.121402 0.0844262 0.00214646 0.0268612 -0.192442 -0.0839473 0.105538 0.0219938 -0.251737 -0.0461036 -0.0917815 -0.0226241 -0.166501 0.346277 0.178046 -0.603711 -0.410118
/SAN/Ctyzzeri/all/results/rmd/EUR_M_900_sort.rmd.bam /SAN/Ctyzzeri/all/results/rmd/EUR_M_900_sort.rmd.bam -0.361486 0.213869 0.105316 -0.0397943 -0.116581 0.259346 0.176345 -0.299814 0.0105291 -0.100087 -0.186286 -0.0349778 -0.0772783 0.158202 -0.135327 -0.0734212 0.424043 -0.573153
/SAN/Ctyzzeri/all/results/rmd/EUR_M_942_sort.rmd.bam /SAN/Ctyzzeri/all/results/rmd/EUR_M_942_sort.rmd.bam -0.319554 0.180202 0.0556387 0.0109148 -0.0511912 0.0755575 -0.167121 -0.33578 -0.381012 0.38923 0.471843 0.3723 -0.128906 0.00951726 0.0126229 -0.0464379 -0.163002 0.0984091
/SAN/Ctyzzeri/all/results/rmd/USA_C_WA1_sort.rmd.bam /SAN/Ctyzzeri/all/results/rmd/USA_C_WA1_sort.rmd.bam 0.182544 -0.0809417 0.148507 -0.41967 0.14466 0.33916 -0.0228615 0.311306 -0.349287 0.459568 -0.168368 -0.228083 -0.181361 -0.0652232 0.160119 0.0802912 -0.0244501 -0.2125
/SAN/Ctyzzeri/all/results/rmd/USA_C_WA2_sort.rmd.bam /SAN/Ctyzzeri/all/results/rmd/USA_C_WA2_sort.rmd.bam 0.158265 -0.0940402 0.194521 -0.359601 0.0972114 0.262667 -0.410658 0.148949 0.109508 -0.382235 0.384036 0.212043 0.24667 0.0788429 -0.201487 -0.156169 -0.0305066 -0.214868
/SAN/Ctyzzeri/all/results/rmd/USA_C_WI_sort.rmd.bam /SAN/Ctyzzeri/all/results/rmd/USA_C_WI_sort.rmd.bam 0.111386 -0.139768 0.130526 -0.541901 0.100675 -0.495159 0.337588 -0.355459 0.180828 0.195924 0.067185 0.106643 0.188489 -0.136398 -0.0264463 0.0233346 -0.00610589 -0.139083
/SAN/Ctyzzeri/all/results/rmd/USA_H_AL1_sort.rmd.bam /SAN/Ctyzzeri/all/results/rmd/USA_H_AL1_sort.rmd.bam -0.031863 -0.289239 -0.0971666 -0.0691762 -0.879981 -0.0116923 0.044211 0.207343 0.0872585 0.130581 0.155628 -0.0143631 -0.0146007 -0.103872 -0.0335493 -0.0466631 -0.033847 -0.13079
/SAN/Ctyzzeri/all/results/rmd/USA_H_AL2_sort.rmd.bam /SAN/Ctyzzeri/all/results/rmd/USA_H_AL2_sort.rmd.bam -0.178777 -0.508936 -0.27119 0.138465 0.144218 -0.114644 -0.15247 0.0962825 -0.193888 0.110459 -0.185665 0.374293 0.348488 0.2252 0.240388 0.112111 0.194437 -0.212524
/SAN/Ctyzzeri/all/results/rmd/USA_H_OR_sort.rmd.bam /SAN/Ctyzzeri/all/results/rmd/USA_H_OR_sort.rmd.bam -0.178297 -0.489934 -0.289543 0.160072 0.321353 0.134421 0.0239807 -0.132069 0.189729 0.119747 0.240903 -0.308235 -0.234277 -0.214461 -0.300877 -0.185264 -0.139347 -0.175602
/SAN/Ctyzzeri/all/results/rmd/USA_M_GA_sort.rmd.bam /SAN/Ctyzzeri/all/results/rmd/USA_M_GA_sort.rmd.bam -0.33766 0.174902 0.0483249 0.020639 0.0253843 0.0252711 -0.0985306 0.139723 -0.0687511 0.158801 0.0466218 -0.298946 0.638514 -0.457355 -0.161022 0.0629137 0.19559 0.124971
